2.05443
2.01005
2.04203
1.99318
2.02471
1.97113
1.9345
1.91426
1.97306
2.03485
1.93887
1.98131
1.92044
1.9131
1.96767
1.91398
1.90225
1.92344
1.91995
2.02149
2.0071
2.09606
2.11316
2.11673
2.22818
1.91121
2.00819
2.38456
2.33628
2.05452
1.97102
2.04276
2.01587
1.9037
1.9157
1.94607
1.89174
1.92733
1.93261
1.91
1.99694
1.93301
1.93077
1.94228
1.92794
1.96288
1.97036
2.05969
2.02159
2.03415
2.13641
1.92574
1.92807
2.05034
2.10452
2.06889
2.05499
2.03949
1.94296
1.91938
1.93166
1.94751
1.92341
1.93559
1.92406
1.91447
1.99702
1.94105
1.92355
1.94755
1.90587
1.98817
2.03334
2.05362
2.04564
2.1055
1.94844
1.97468
2.07767
2.06369
2.09753
2.11118
1.94476
1.89548
1.94125
1.92981
1.93794
1.92123
1.90399
1.94673
1.91185
1.90785
1.92757
1.93901
1.88709
1.92382
2.02194
2.06851
2.03896
2.06147
1.97651
1.90628
1.91697
1.92829
1.87019
1.92259
1.90673
1.91192
1.9393
1.88947
1.89836
1.92561
1.93253
1.93827
1.93673
1.88581
