6.78e-03
6.89e-03
6.79e-03
6.78e-03
6.81e-03
6.70e-03
6.77e-03
6.76e-03
6.76e-03
6.76e-03
6.74e-03
6.77e-03
6.74e-03
6.80e-03
6.91e-03
6.88e-03
6.85e-03
6.80e-03
6.89e-03
6.85e-03
6.74e-03
6.69e-03
6.76e-03
6.84e-03
6.84e-03
6.87e-03
6.79e-03
6.79e-03
6.81e-03
6.78e-03
6.91e-03
6.83e-03
6.80e-03
6.87e-03
6.68e-03
6.87e-03
6.73e-03
6.91e-03
6.90e-03
6.78e-03
6.74e-03
6.80e-03
6.87e-03
6.88e-03
6.77e-03
6.72e-03
6.86e-03
6.71e-03
6.69e-03
6.72e-03
6.78e-03
6.77e-03
6.70e-03
6.64e-03
6.74e-03
6.77e-03
6.74e-03
6.71e-03
6.73e-03
6.74e-03
6.72e-03
6.83e-03
6.81e-03
6.93e-03
6.79e-03
6.79e-03
6.80e-03
6.84e-03
6.79e-03
6.73e-03
6.84e-03
6.96e-03
6.87e-03
6.77e-03
6.79e-03
6.70e-03
6.77e-03
6.86e-03
6.76e-03
6.89e-03
6.91e-03
6.91e-03
6.88e-03
6.79e-03
6.75e-03
6.86e-03
6.95e-03
6.75e-03
6.88e-03
6.82e-03
6.88e-03
6.89e-03
7.01e-03
7.00e-03
6.97e-03
6.86e-03
6.80e-03
6.79e-03
6.87e-03
6.85e-03
6.70e-03
6.87e-03
6.67e-03
6.68e-03
6.71e-03
6.77e-03
6.80e-03
6.89e-03
6.77e-03
6.74e-03
6.71e-03
6.76e-03
6.77e-03
6.72e-03
6.86e-03
6.85e-03
6.82e-03
6.84e-03
6.81e-03
6.79e-03
6.87e-03
6.80e-03
6.81e-03
6.83e-03
6.89e-03
6.88e-03
6.93e-03
6.95e-03
6.92e-03
6.88e-03
6.76e-03
6.92e-03
6.87e-03
6.84e-03
6.82e-03
6.79e-03
6.81e-03
6.80e-03
6.68e-03
6.90e-03
6.90e-03
6.83e-03
6.69e-03
6.67e-03
6.68e-03
6.74e-03
6.83e-03
6.75e-03
6.75e-03
6.85e-03
6.77e-03
6.79e-03
6.76e-03
6.83e-03
6.85e-03
6.85e-03
6.88e-03
6.82e-03
6.85e-03
6.85e-03
6.79e-03
6.95e-03
6.95e-03
6.86e-03
6.76e-03
6.79e-03
6.72e-03
6.81e-03
6.75e-03
6.72e-03
6.79e-03
6.75e-03
6.72e-03
6.69e-03
6.83e-03
6.87e-03
6.83e-03
6.84e-03
6.84e-03
6.78e-03
6.76e-03
6.72e-03
6.71e-03
6.70e-03
6.80e-03
6.82e-03
6.76e-03
6.74e-03
6.79e-03
6.88e-03
6.76e-03
6.85e-03
6.90e-03
6.88e-03
6.90e-03
6.84e-03
6.69e-03
6.71e-03
6.71e-03
6.69e-03
6.68e-03
6.76e-03
6.85e-03
6.94e-03
6.87e-03
6.82e-03
6.78e-03
6.81e-03
6.81e-03
6.83e-03
6.97e-03
6.99e-03
6.83e-03
6.90e-03
6.91e-03
6.89e-03
6.69e-03
6.72e-03
6.81e-03
6.76e-03
6.75e-03
6.77e-03
6.78e-03
6.91e-03
6.89e-03
6.88e-03
6.92e-03
6.73e-03
6.83e-03
6.91e-03
6.81e-03
6.83e-03
6.90e-03
6.98e-03
6.91e-03
6.76e-03
6.74e-03
6.74e-03
6.73e-03
6.79e-03
6.79e-03
6.76e-03
6.71e-03
6.84e-03
6.81e-03
6.75e-03
6.78e-03
6.79e-03
6.78e-03
