0.228565
0.212018
0.228923
0.226717
0.230476
0.230714
0.229349
0.216249
0.206247
0.212569
0.226989
0.206956
0.209348
0.208708
0.208807
0.208654
0.209617
0.204659
0.20481
0.207308
0.207931
0.204413
0.212931
0.203368
0.215905
0.226932
0.225172
0.21695
0.222133
0.231554
0.220222
0.218505
0.217139
0.214238
0.22469
0.223395
0.218649
0.216542
0.217776
0.215251
0.217344
0.226281
0.220476
0.223298
0.223968
0.215902
0.204707
0.210014
0.219231
0.205024
0.211361
0.209092
0.208142
0.207617
0.211792
0.213523
0.207613
0.214594
0.218071
0.210219
0.212145
0.206706
0.2406
0.232022
0.22218
0.21628
0.217073
0.22469
0.213725
0.217857
0.216044
0.217314
0.222131
0.221142
0.218506
0.214469
0.212517
0.212815
0.217861
0.212995
0.212888
0.235502
0.223375
0.209745
0.202028
0.222005
0.208658
0.205025
0.206286
0.210509
0.208769
0.20701
0.208457
0.208278
0.209432
0.204913
0.205252
0.21133
0.20498
0.20441
0.225885
0.209538
0.219336
0.219145
0.233408
0.219963
0.220088
0.212369
0.219607
0.215596
0.221722
0.218325
0.223662
0.226105
0.218633
0.221165
0.222927
0.215231
0.21503
0.24065
0.21578
0.223232
0.21182
0.221964
0.219864
0.213391
0.208954
0.214105
0.213077
0.206746
0.207205
0.207148
0.21427
0.208796
0.203245
0.208447
0.205624
0.205973
0.223268
0.204605
0.212295
0.214722
0.233322
0.229534
0.220961
0.21503
0.220839
0.215018
0.217114
0.212932
0.212161
0.208267
0.205031
0.210167
0.215351
0.205571
0.204881
0.222734
0.214876
0.218669
0.212954
0.231074
0.21627
0.213186
0.212981
0.211578
0.212628
0.215478
0.215325
0.215677
0.212994
0.215138
0.22084
0.212699
0.223018
0.206964
0.220477
0.208912
0.211035
0.202793
0.219051
0.225555
0.211458
0.208267
0.212701
0.212859
0.21236
0.214116
0.218486
0.204311
0.201311
0.205614
0.207635
0.212542
0.205818
0.218293
0.216295
0.21133
0.207924
0.209466
0.218881
0.206286
0.210943
0.212049
0.209964
0.206865
0.214912
0.210957
0.205831
0.206606
0.209251
0.209204
0.214938
0.203593
0.217787
0.223655
0.216883
0.210527
0.212712
0.225322
0.212269
0.204273
0.209192
0.205309
0.206778
0.206179
0.205621
0.206827
0.207676
0.206057
0.207842
0.215952
0.206017
0.216035
0.217523
0.2101
0.201132
0.211629
0.226165
0.207856
0.20812
0.207872
0.212598
0.207953
0.214165
0.20592
0.205082
0.207637
0.20824
0.204323
0.216233
0.207065
0.217678
0.225552
0.2132
0.210206
0.21465
0.233037
0.20742
0.215244
0.216029
0.207912
0.213059
0.213752
0.209753
0.212906
0.210357
0.21245
0.211358
0.216047
0.210709
0.217125
0.229768
0.2185
0.207722
0.211836
0.237367
0.212526
0.203937
0.203269
0.201346
0.208085
0.20771
0.207394
0.211862
0.205079
0.209217
0.205107
0.211074
0.20284
0.20766
0.229266
0.219296
0.210946
0.207968
0.233854
0.205663
0.210577
0.211158
0.213372
0.216184
0.219699
0.214462
0.214939
0.214531
0.2199
0.209256
0.216963
0.204021
0.211195
0.224617
0.217205
0.203741
0.203976
0.231389
0.208041
0.206975
0.203084
0.203649
0.212449
0.2074
0.204353
0.20596
0.211167
0.206024
0.203502
0.210737
0.200751
0.205441
0.225182
0.211037
0.201483
0.2038
0.230063
0.208371
0.215976
0.207206
0.20593
0.210571
0.21106
0.206316
0.214641
0.215232
0.21309
0.209427
0.210812
0.223169
0.204066
0.221739
0.219109
0.208162
0.212066
0.23699
0.231246
0.23144
0.22082
0.214281
0.233382
0.218973
0.220042
0.231723
0.262441
0.218577
0.206048
0.205047
0.212795
0.204456
0.21277
0.224931
0.213995
0.203927
0.205489
0.227915
0.203805
0.209514
0.210527
0.222527
0.225691
0.207758
0.212836
0.223467
0.210937
0.21199
0.204921
0.20719
0.202979
0.20241
0.220305
0.208065
0.233071
0.229186
0.250619
0.269374
0.226256
0.261129
0.245347
0.204283
0.205876
0.2051
0.206256
0.208067
0.210749
0.206024
0.207284
0.212374
0.204491
0.200878
0.231191
0.213461
0.213381
0.221799
0.23084
0.213084
0.226351
0.218812
