0.467824
0.476049
0.479931
0.471684
0.491293
0.458186
0.431815
0.446825
0.478294
0.431937
0.436353
0.436275
0.43747
0.434492
0.437222
0.429674
0.433282
0.436908
0.430919
0.445555
0.426096
0.433606
0.477813
0.471301
0.460916
0.452608
0.50455
0.456055
0.452371
0.465402
0.457828
0.465041
0.468615
0.461053
0.45904
0.464262
0.449213
0.460577
0.466778
0.449196
0.452966
0.481672
0.466704
0.434929
0.446237
0.473095
0.437238
0.445185
0.442032
0.440677
0.442432
0.448612
0.451667
0.441655
0.451807
0.457694
0.461272
0.436846
0.455948
0.522159
0.480203
0.454378
0.45338
0.481403
0.449398
0.455399
0.463606
0.460548
0.460441
0.474915
0.460442
0.459129
0.45664
0.453049
0.443083
0.46999
0.44601
0.467957
0.492947
0.455844
0.433308
0.44749
0.468519
0.435186
0.433723
0.44545
0.438388
0.439053
0.442499
0.445388
0.442736
0.436454
0.437875
0.455696
0.432719
0.447489
0.474589
0.457614
0.4581
0.471172
0.5045
0.46052
0.45033
0.46437
0.461688
0.452641
0.471945
0.458959
0.466886
0.470999
0.463355
0.458199
0.475297
0.457718
0.478079
0.47638
0.471383
0.452511
0.455033
0.475276
0.447609
0.444234
0.449086
0.454758
0.438913
0.450183
0.440644
0.45528
0.440384
0.43153
0.446608
0.433567
0.436963
0.473139
0.443393
0.442264
0.452899
0.509885
0.476054
0.459003
0.454482
0.466493
0.460395
0.455208
0.441661
0.456955
0.43294
0.441717
0.450541
0.454695
0.430713
0.450299
0.466803
0.469046
0.452016
0.458795
0.481728
0.450016
0.450471
0.45047
0.450526
0.453172
0.456865
0.456559
0.445884
0.453271
0.469985
0.4552
0.459427
0.439641
0.451165
0.458455
0.445165
0.432131
0.454746
0.488804
0.449311
0.442583
0.454569
0.444541
0.450933
0.488106
0.444724
0.436782
0.435828
0.436666
0.448318
0.436299
0.439159
0.485829
0.445944
0.442338
0.429671
0.479616
0.436918
0.444332
0.451759
0.442279
0.438742
0.460033
0.444617
0.435574
0.440837
0.450337
0.448564
0.458802
0.433352
0.466839
0.471576
0.465502
0.437003
0.468327
0.458004
0.441515
0.43964
0.445468
0.437496
0.438958
0.447535
0.440179
0.444001
0.433243
0.444801
0.452348
0.440553
0.446923
0.466046
0.45025
0.42836
0.445576
0.474934
0.439237
0.441939
0.444522
0.446561
0.437441
0.444286
0.43449
0.437977
0.430402
0.440488
0.457155
0.439126
0.448921
0.480493
0.455387
0.44447
0.443593
0.513815
0.43977
0.447464
0.461147
0.441409
0.448077
0.454223
0.445058
0.444116
0.442301
0.452675
0.446007
0.451764
0.447356
0.462981
0.475226
0.456196
0.443484
0.454401
0.487909
0.441498
0.430999
0.425363
0.433726
0.441966
0.433957
0.454125
0.436254
0.444637
0.436177
0.446412
0.432495
0.434262
0.487669
0.45802
0.447791
0.436137
0.491241
0.437596
0.443321
0.452479
0.445723
0.462791
0.456985
0.452701
0.452737
0.459745
0.444566
0.44727
0.442491
0.429059
0.48421
0.449759
0.452195
0.426406
0.468087
0.453353
0.441146
0.430247
0.429318
0.450804
0.443444
0.429589
0.43633
0.449819
0.433187
0.435882
0.447617
0.429111
0.444687
0.471217
0.444579
0.428996
0.439055
0.477253
0.445269
0.443471
0.43609
0.441455
0.447961
0.43676
0.45199
0.461036
0.454751
0.446588
0.450168
0.467585
0.438175
0.460397
0.474115
0.446946
0.445211
0.47352
0.51323
0.479186
0.466753
0.450614
0.490502
0.470316
0.457974
0.480583
0.563041
0.461978
0.439218
0.437972
0.454053
0.434789
0.454047
0.470364
0.455374
0.434127
0.444653
0.471959
0.435969
0.447641
0.456079
0.47392
0.460144
0.450115
0.459813
0.464747
0.429603
0.447691
0.437926
0.445797
0.42471
0.441411
0.463347
0.466037
0.493497
0.506306
0.587925
0.476769
0.524862
0.527336
0.433997
0.434527
0.435377
0.443397
0.453035
0.438994
0.434926
0.436495
0.451717
0.431699
0.444916
0.475564
0.459869
0.453192
0.476418
0.482523
0.458582
0.46861
0.453412
0.450401
0.419814
0.419835
0.441539
0.42275
0.423097
0.432563
0.488901
0.482331
0.523821
0.500194
0.592873
0.482682
0.418278
0.448581
0.451416
0.418811
0.43213
0.426546
0.424099
0.414526
0.425987
0.421564
0.419265
0.418096
0.416768
0.424657
0.448392
0.438406
0.46782
0.459099
0.456445
0.450234
0.454462
0.473961
0.438834
0.446172
0.44663
0.495781
0.506993
0.588465
0.535162
0.587773
0.479022
0.435532
0.436781
0.445451
0.449272
0.435525
0.47749
0.45708
0.462611
0.448238
0.460805
0.490751
0.44688
0.432714
0.433544
0.436825
0.446225
0.432315
0.437408
0.451306
0.49322
0.439387
0.466481
0.427652
0.442946
0.493569
0.542463
0.582977
0.583061
0.632909
0.551755
0.448384
0.436843
0.438502
0.45673
0.434883
0.445785
0.437044
0.429786
0.435002
0.434419
0.440652
0.431088
0.48366
0.434691
0.470503
0.453029
0.48951
0.474544
0.455017
0.457655
0.45646
0.471701
0.454502
0.455668
0.446518
0.440056
0.427052
0.432087
0.441317
0.44216
0.437914
0.49459
0.468218
0.447727
0.443057
0.50068
0.457683
0.460073
0.445068
0.466664
0.457947
0.450801
0.428488
0.437206
0.446237
0.4341
0.437827
0.453172
0.430996
0.450653
0.471587
0.447019
0.430727
0.455397
0.476811
0.436289
0.433011
0.43193
0.454909
0.436808
0.43397
0.447747
0.433154
0.436242
0.434898
0.45621
0.436716
0.43636
0.477023
0.45777
0.426192
0.435376
0.486156
0.438463
0.440405
0.429668
0.450881
0.452348
0.434617
0.436482
0.425182
0.426428
0.420897
0.438767
0.43974
0.439551
0.475131
0.436442
0.44775
0.425852
0.496824
0.444958
0.440938
0.44023
0.449142
0.431081
0.436489
0.43536
0.431898
0.428276
0.451218
0.423038
0.431328
0.40897
0.438356
0.438321
0.427914
0.406789
0.447109
0.446872
0.415983
0.41303
0.428628
0.411572
0.416876
0.414754
0.418356
0.417093
0.417412
0.412394
0.424951
0.422479
0.410431
0.453366
0.427175
0.423047
0.414456
0.460333
0.426578
0.419183
0.417617
0.434827
0.420518
0.41828
0.417858
0.418959
0.418613
0.415602
0.412276
0.432295
0.40771
0.407395
0.464241
0.428692
0.412637
0.43652
0.488673
0.438922
0.423416
0.43528
0.431926
0.450094
0.430405
0.421256
0.422466
0.418221
0.415735
0.418854
0.433182
0.414071
0.454391
0.444747
0.427464
0.420224
0.448027
0.435769
0.421563
0.430062
0.42177
0.41508
0.417376
0.420176
0.418161
0.42563
0.414202
0.415919
0.430603
0.410854
0.416921
0.46423
0.434863
0.419156
0.413308
0.467516
0.418419
0.431893
0.415697
0.428227
0.435117
0.418392
0.416296
0.411082
0.423333
0.433909
0.420227
0.430688
0.412809
0.426154
0.450261
0.434704
0.420154
0.42679
0.462714
0.41885
0.422574
0.417772
0.414624
0.419859
0.419285
0.415522
0.413296
0.413561
0.415718
0.412818
0.433671
0.410864
0.447066
0.436253
0.435579
0.413884
0.440177
0.43923
0.426848
0.413808
0.413183
0.413839
0.418421
0.416332
0.422797
0.415506
0.41525
0.413054
0.413535
0.445306
0.411355
0.430244
0.460875
0.432535
0.414529
0.425673
0.463962
0.421499
0.417375
0.415623
0.416673
0.422359
0.424757
0.415129
0.418327
0.416302
0.418393
0.417011
0.444728
0.407365
0.430754
0.457114
0.436224
0.404706
0.418219
0.464724
0.416214
0.419781
0.412162
0.413293
0.417106
0.413679
0.409125
0.418313
0.417639
0.414204
0.417212
0.42711
0.414898
0.438024
0.455837
0.43032
0.401199
0.431357
0.445922
0.415063
0.415365
0.41896
0.42084
0.425228
0.416104
0.418218
0.422324
0.414036
0.418096
0.414289
0.426915
0.422209
0.424195
0.452053
0.430497
0.421368
0.416556
0.450658
0.414742
0.415676
0.418727
0.419098
0.42743
0.422545
0.416395
0.420018
0.415922
0.419697
0.414154
0.433848
0.427582
0.427622
0.456066
0.430233
0.427112
0.418099
0.460585
0.417493
0.418572
0.415068
0.417547
0.417153
0.416087
0.417622
0.41868
0.417283
0.412462
0.415651
0.447651
0.439311
0.439533
0.483131
0.474117
0.437993
0.447351
0.492827
0.453051
0.446907
0.488712
0.448512
0.454899
0.41591
0.416464
0.424865
0.414784
0.412979
0.425337
0.440176
0.410215
0.416809
0.465778
0.445335
0.416078
0.417334
0.459349
0.415909
0.411322
0.416281
0.414471
0.414804
0.424397
0.421745
0.420337
