0.0524755
0.0528224
0.0523623
0.0521432
0.0534464
0.0554251
0.0547743
0.0521631
0.0515195
0.0507725
0.0508993
0.0519247
0.0520217
0.051135
0.0506317
0.0522491
0.0506002
0.0500896
0.0499542
0.0508698
0.0507677
0.0515192
0.0518488
0.0515982
0.0512982
0.051288
0.0528135
0.0541014
0.0542695
0.0543889
0.0541065
0.0542341
0.0561265
0.0550599
0.0545239
0.0547068
0.0551412
0.0540342
0.0527529
0.0541697
0.0536644
0.0526041
0.0530881
0.0545201
0.0517962
0.0530891
0.0531533
0.0531301
0.0526633
0.0513
0.0516295
0.0515454
0.0504476
0.0540841
0.0530808
0.0520379
0.0514645
0.0515682
0.0526113
0.0517546
0.0540236
0.0541678
0.0521011
0.0523563
0.0556249
0.0579308
0.0552181
0.0531521
0.0555715
0.0539488
0.0532502
0.0528995
0.0532021
0.0529934
0.052777
0.0561645
0.0562371
0.0548172
0.0540567
0.0534926
0.0564204
0.0539298
0.0538084
0.0522825
0.0523245
0.0522962
0.0534219
0.0527189
0.0521335
0.0506851
0.0503003
0.050853
0.0504058
0.0501065
0.0516172
0.0510217
0.0508169
0.0524295
0.0513329
0.0520213
0.0517456
0.0531185
0.052542
