1.06342
0.989132
1.08918
1.01585
1.14359
1.07835
0.982563
0.962669
0.965875
0.935826
0.918987
0.925368
0.910359
0.893348
0.903578
0.903042
0.894006
0.932924
1.02816
1.04504
1.02927
1.02549
1.00057
0.993368
0.998825
1.00369
1.00068
0.924959
0.916677
0.933157
0.912764
1.03202
0.943992
1.03088
1.00053
1.07304
1.09941
1.00539
1.02153
0.972953
0.980923
1.00246
0.947291
0.954607
0.933399
0.925637
0.926896
1.00659
1.00223
1.01722
1.00284
0.945329
0.943994
0.990244
1.01699
0.984662
1.00555
0.97284
0.984373
0.953999
0.958389
0.962377
1.00554
1.05079
1.08135
1.01669
1.13857
1.12736
1.03511
1.02443
0.971195
0.954886
0.980014
0.984079
0.954399
1.00097
1.03806
1.03264
1.0569
1.04905
0.952848
0.970596
0.911607
0.946681
1.01263
1.02542
1.00455
1.03232
0.985205
0.948317
0.937168
0.946297
0.945222
0.957457
0.937874
1.02119
0.941257
1.02599
1.00255
1.0581
1.05763
0.994833
0.974901
0.980493
1.00102
1.01898
0.985982
1.04691
1.04752
1.05789
0.976639
0.996621
0.993076
1.01123
1.00234
1.0227
0.978098
0.952446
0.924834
0.926319
0.940926
0.909785
0.909068
0.906213
0.918513
0.918433
0.922239
0.992866
1.06697
1.01333
1.0182
1.03173
0.993049
1.09035
1.06728
1.10026
1.08027
1.07082
1.02145
0.961165
0.964194
0.943748
0.980509
0.995818
0.997478
0.994755
0.970671
0.979311
0.983306
0.956153
0.983143
0.982579
0.991257
0.966146
1.00163
0.95325
0.94624
0.940682
0.93547
0.9622
1.0086
1.11848
1.08246
1.05784
1.05954
1.06046
1.11021
1.05085
1.02619
0.980514
0.965553
0.973921
1.00628
0.983099
0.974196
0.945821
0.938329
0.931991
0.941703
0.943549
1.00761
1.05968
1.05078
1.03793
1.02757
1.00954
1.0003
0.956382
0.962307
0.972937
0.995711
1.00383
1.02752
0.997857
1.05203
1.1403
1.08349
1.07515
1.05005
1.02459
1.07282
1.07588
1.10105
0.995548
0.982032
0.990374
1.00109
0.967171
0.960439
0.923476
0.916287
0.928072
1.04577
1.03705
1.01985
1.00725
1.00874
1.01105
0.949563
0.924462
0.933766
0.931236
0.969445
1.01038
1.04616
1.02528
1.00359
1.01012
1.05061
1.15804
1.12214
1.15501
1.06839
1.08578
1.04608
1.12323
1.15133
1.06754
1.09025
1.05546
1.07105
1.05814
1.01703
1.01661
1.03008
1.03622
1.04252
1.00637
1.02861
1.02936
0.966814
0.914235
0.929077
0.920718
0.918146
0.934847
0.922406
0.984045
0.990997
1.05858
1.07808
1.1507
1.14555
1.25994
1.19208
1.23504
1.14682
1.10274
1.08468
1.01701
1.07774
1.05762
0.991099
0.970406
0.984968
1.02513
1.00229
1.01543
0.991342
1.01339
0.992564
0.967949
0.927495
0.93295
0.91317
0.931606
0.924735
0.948539
0.937027
0.943442
1.03849
0.952574
0.917963
0.914479
0.939612
0.94111
0.988033
0.997829
1.03877
1.07983
1.07642
1.01316
0.963741
0.941314
0.997951
1.02857
1.06293
1.08934
1.09779
1.10114
1.10761
1.14896
0.958201
0.921715
0.944415
0.962937
0.963339
0.967566
0.963519
0.989127
0.971291
0.933096
0.930453
0.922247
0.95205
1.0072
1.0464
1.00376
1.04706
0.983346
1.05885
1.07115
0.941059
0.912856
0.920906
0.944737
1.09369
1.11114
1.0564
1.01268
1.05786
1.07424
0.917059
0.909504
0.923098
0.910311
0.940096
0.929199
0.910125
0.916806
0.936302
0.916466
0.902789
0.90344
0.92116
0.923058
0.945441
0.973438
0.990026
1.04169
1.05245
1.00959
1.06007
0.922401
0.918492
0.913203
1.00019
1.06914
1.12056
1.10288
1.12834
1.0976
0.939273
0.912952
0.921488
0.920308
0.928491
0.912844
0.918655
0.915489
0.927045
0.928608
0.918589
0.918153
0.914406
0.931556
0.922667
0.965121
1.00382
1.12228
1.00461
1.03152
1.04394
0.924538
0.929158
0.939423
0.922233
0.923352
0.924119
0.952079
0.965405
0.941569
0.97269
0.953211
0.965617
0.942392
0.963207
0.948763
0.959433
0.944741
0.971939
0.954487
0.960552
0.955202
0.944518
0.95515
1.02209
1.00464
1.06671
1.04135
1.06834
0.972468
0.943509
0.987801
0.951612
0.947916
0.958142
0.963657
0.937447
0.95347
0.965613
0.960114
0.975425
0.953696
0.953895
0.943244
0.934645
0.942417
0.944434
0.946792
0.951172
0.957921
0.947803
0.976464
0.968285
0.946785
0.948014
0.963945
0.959212
0.949863
0.958196
0.965193
0.944452
0.955958
0.971703
0.980878
0.980151
0.96731
0.956049
0.962517
1.00409
0.984002
0.962726
0.936362
0.969223
0.94047
0.936641
0.962423
0.973477
0.952328
0.972107
0.967822
0.975118
0.999318
0.982109
0.983152
0.978519
0.971032
0.954379
0.965613
0.956092
0.945565
0.949404
1.00321
0.955354
0.947618
0.987441
0.977467
0.961027
0.966093
0.965616
0.918667
0.957835
0.947606
0.937992
0.953682
0.936354
0.93498
0.955238
0.974882
0.956505
0.950472
0.967103
0.956095
0.926177
0.945283
0.965724
0.960616
0.953144
0.952992
0.965734
0.969353
0.948015
0.954031
0.955693
0.947222
0.960867
0.937954
0.933716
0.968244
0.94555
0.967646
0.964322
0.948691
0.975072
0.96363
0.954988
0.964381
0.94548
0.950442
0.958659
0.937491
0.907965
0.900528
0.919474
0.913623
0.913836
0.923046
0.92044
0.920372
0.915865
0.915547
0.911754
0.916764
0.916216
0.911711
0.909717
0.917377
0.913348
0.923759
0.910949
0.926511
0.929593
0.921749
0.922774
0.907924
0.920596
0.917859
0.925198
0.923641
0.91875
0.92699
0.914672
0.926882
0.930598
0.922608
0.907235
0.930671
0.922957
0.910253
0.912402
0.932801
0.916242
0.927434
0.927352
0.926992
0.935245
0.922683
0.913926
0.919907
0.928345
0.903708
0.909113
0.925371
0.918693
0.930591
0.92147
0.916326
0.903412
0.911538
0.911674
0.904403
0.906173
0.914845
0.912048
0.909319
0.915519
0.916286
0.906542
0.919014
0.90651
0.899229
0.919416
0.923219
0.909918
0.915308
0.914126
0.92209
0.917715
0.912303
0.927183
0.950559
0.91361
0.907374
0.914854
0.953218
0.923318
0.919518
0.909056
0.914513
0.918052
0.917056
0.923249
0.909976
0.914969
0.907361
0.919391
0.929347
0.925305
0.919341
0.935159
0.910765
0.920998
0.921955
0.918008
0.927948
0.918874
0.91703
0.910283
0.929417
0.916978
0.939187
0.936108
0.919934
0.922739
0.916988
0.923884
0.927414
0.939255
0.921028
0.90455
0.920155
0.910235
0.924078
0.927877
0.923072
0.925242
0.924593
0.920558
0.923352
0.926765
0.926949
0.917288
0.92415
0.951638
0.919063
0.919632
0.929636
0.924092
0.923539
0.912687
0.920139
0.911932
0.914455
0.922785
0.93426
0.917074
0.92491
0.922853
0.930568
0.932083
0.921737
0.939266
0.934734
0.947225
0.922853
0.923376
0.915104
0.915833
0.915429
0.929916
0.931346
0.915752
0.941768
0.945139
0.93436
0.93585
0.938669
0.931383
0.920705
0.919844
0.93378
0.936547
0.93059
0.908371
0.909487
0.93925
0.919072
0.926083
0.922719
0.911687
0.930625
0.929453
0.91469
0.936387
0.937095
0.925996
0.935414
0.934647
0.923645
0.93517
0.922015
0.926998
0.939689
0.920425
0.924793
0.928725
0.931584
0.917851
0.927001
0.93218
0.917583
0.920976
0.926698
0.918511
0.927375
0.920159
0.914706
0.929266
0.9365
0.918385
0.913035
0.907835
0.914833
0.930646
0.925676
0.924061
0.939297
0.931625
0.924057
0.927849
0.923979
0.925028
0.922679
0.921211
0.925794
0.930769
0.933193
0.927825
0.925287
0.922685
0.923251
0.933812
0.919378
0.99356
1.26536
1.2573
1.27181
1.28391
1.23653
1.02879
0.992049
1.00495
0.949931
0.937151
0.918508
0.913505
0.916037
0.910179
0.906292
0.912872
0.922817
0.90535
0.91093
0.914712
0.935185
0.916756
0.906926
0.913577
0.91142
0.947554
0.995064
0.91382
0.962097
0.928396
0.895806
0.937664
1.19899
1.29265
1.25155
1.31483
1.30793
1.25016
1.16252
1.00639
1.00347
0.966625
0.959764
0.951344
0.939367
0.909927
0.905413
0.90523
0.909649
0.916946
0.905094
0.91053
0.923108
0.921043
0.916054
0.924568
0.927915
0.943302
0.920014
0.925104
0.945717
0.93979
0.913185
1.01093
1.19605
1.22809
1.29568
1.30466
1.25029
1.19965
1.19734
1.22227
1.1375
1.00096
0.982517
1.00123
0.950364
0.970283
0.937607
0.938985
0.935521
0.912803
0.901547
0.900012
0.902399
0.908704
0.888133
0.927771
0.92108
0.92291
0.913481
0.917336
0.916057
0.922025
0.943697
1.01355
1.19175
1.14649
1.21092
1.19187
1.19779
1.21897
1.30084
1.23789
1.11783
1.0664
0.98553
0.962035
1.00032
0.974544
0.991099
1.01414
0.939972
0.946154
0.944453
0.951836
0.9342
0.925849
0.914658
0.922529
0.916641
0.910224
0.909338
0.914001
0.902285
0.903444
0.978456
0.970644
1.10815
1.08945
1.17405
1.21247
1.11316
1.13492
1.18518
1.18235
1.18683
0.971491
1.0174
1.06906
1.04656
0.967988
0.943845
0.941358
1.04831
0.994097
1.03235
1.00252
0.96368
0.990039
0.970689
1.01794
0.980649
0.96352
0.924913
0.893698
0.922148
0.897286
0.907322
0.912858
0.901547
0.917841
0.916559
0.903485
0.906065
0.909292
0.924837
0.900263
0.902529
0.902887
0.910117
0.893263
0.909049
0.934083
0.917427
0.91848
0.910749
0.899354
0.911115
0.902594
0.902584
0.900245
0.890751
0.903685
0.905327
0.922663
0.903733
0.93304
1.01225
0.997719
0.951155
1.01318
1.02002
0.943577
1.01405
1.00896
0.95807
0.950336
0.967318
0.949364
0.948255
0.929264
0.929044
0.928
0.931223
0.900045
0.90058
0.903691
0.901475
0.921971
0.906363
0.915744
0.897944
0.911273
0.904543
0.895846
0.909505
0.934736
0.908213
0.896557
0.911579
0.893471
0.917938
0.952287
0.99352
0.948701
0.942589
0.990572
0.956839
0.981317
1.00664
0.97743
0.960874
0.997702
0.951421
0.956983
0.928184
0.939737
0.950321
0.920482
0.925702
0.933
0.926901
0.932213
0.934277
0.93776
0.939659
0.948808
0.932326
0.899794
0.911373
0.9006
0.920645
0.928677
0.905908
0.900486
0.919875
0.892129
0.932257
1.02725
0.980521
0.992609
0.961592
0.958796
0.979806
1.01136
0.983102
1.01186
0.95574
0.947863
0.906559
0.907243
0.944472
0.943075
0.956609
0.947409
0.936569
0.948627
0.926639
0.944539
0.931544
0.944391
0.960916
0.946122
0.978725
0.96799
0.98984
0.948666
0.950816
0.943154
0.932886
0.908224
0.942053
1.0003
1.01263
1.02005
1.00253
0.969334
1.0279
1.01286
1.00086
1.0133
0.950175
0.941387
0.951068
0.917278
0.900752
0.893568
0.91535
0.927956
0.918776
0.937892
0.925495
0.914001
0.935556
0.943436
0.916279
0.944729
0.948924
0.9387
0.972715
0.959085
0.972318
0.939985
1.01966
0.973692
0.97794
0.979555
0.967095
0.982131
1.01787
1.02161
1.00344
1.05323
1.02285
0.966638
0.951586
0.922433
0.947763
0.952208
0.915748
0.903136
0.903877
0.900354
0.907721
0.903011
0.940505
0.920142
0.899115
0.946887
0.911039
0.951058
0.92341
0.928761
0.924692
0.961578
0.927295
0.902744
0.933711
0.94886
0.963178
0.925998
0.928128
0.957782
0.948464
0.960451
0.949841
0.968634
0.950747
0.954819
0.971789
0.947677
0.946396
0.947206
0.932089
0.928911
0.90453
0.897923
0.907181
0.899638
0.909123
0.895882
0.900902
0.920982
0.886582
0.899477
0.909047
0.902728
0.906741
0.909254
0.900412
0.906354
0.917917
0.923836
0.907113
0.911193
0.910779
0.913218
0.896221
0.902321
0.891443
0.910603
0.903224
0.898297
0.913436
0.907285
0.909427
0.912411
0.896406
0.885389
0.890712
0.895862
0.904765
0.898739
0.904537
0.913968
0.899205
0.908723
0.900575
0.908852
0.900124
0.913048
0.888856
0.907269
0.901233
0.913991
0.903797
0.89602
0.904265
0.901462
0.90871
0.894769
0.917042
0.907385
0.902205
0.901558
0.900032
0.897913
0.894623
0.92134
0.895116
0.899583
0.902608
0.903671
0.898883
0.903193
0.906422
0.893484
0.909644
0.89403
0.898201
0.912768
0.91315
0.896245
0.903421
0.912129
0.901158
0.900973
0.898246
0.898023
0.897011
0.889287
0.893263
0.905
0.903239
0.893512
0.919089
0.907128
0.908399
0.915471
0.899938
0.906798
0.914615
0.905169
0.895212
0.897042
0.900113
0.917953
0.900696
0.898744
0.898452
0.914211
0.919092
0.90756
0.912695
0.904509
0.898067
0.908026
0.90836
0.904286
0.899686
0.891782
0.887156
0.909786
0.89988
0.889401
0.904407
0.905966
0.895504
0.902889
0.896512
0.888222
0.91169
0.903904
0.882697
0.892212
0.899563
0.888485
0.89086
0.908263
0.90232
0.88153
0.893793
0.905475
0.904503
0.906961
0.892343
0.890224
0.893713
0.902624
0.907015
0.8943
0.901406
0.90898
0.896598
0.894967
0.895334
0.885273
0.903186
0.916476
0.897985
0.918777
0.902395
0.909283
0.888476
0.899995
0.910713
0.904049
0.910531
0.904605
0.898288
0.895457
0.903036
0.903273
0.896172
0.891941
0.913073
0.910655
0.885843
0.891998
0.902423
0.896804
0.899772
0.888298
0.907375
0.905729
0.909498
0.909065
0.907586
0.909758
0.906043
0.919961
0.904272
0.909072
0.90856
0.908078
0.905113
0.909705
0.904728
0.902704
0.916195
0.908486
0.903232
0.902692
0.921244
0.896506
0.906858
0.895333
0.909661
0.894566
0.909573
0.895867
0.905399
0.906292
0.911838
0.894603
0.910703
0.900019
0.911328
0.909147
0.89155
0.905083
0.909942
0.897256
0.891339
0.902798
0.901307
0.895644
0.890682
0.880852
0.907547
0.901345
0.903038
0.895481
0.893607
0.901832
0.901896
0.908579
0.911016
0.913175
0.904291
0.903685
0.904288
0.905928
0.894616
0.901459
0.901317
0.892115
0.897297
0.922772
0.915413
0.900066
0.911997
0.90435
0.916231
0.914937
0.899031
0.882457
0.901222
0.888163
0.897854
0.895984
0.90499
0.896999
0.90126
0.890596
0.90185
0.928371
0.89332
0.902304
0.89834
0.887729
0.901775
0.893213
0.907214
0.891423
0.908005
0.899602
0.897187
0.900489
0.915467
0.911112
0.919718
0.912422
0.901744
0.900591
0.887768
0.89549
0.889475
0.896487
0.892831
0.893007
0.90421
0.908302
0.920666
0.903878
0.89611
0.895298
0.896855
0.921408
0.905188
0.909345
0.915302
0.907664
0.889853
0.89334
0.905772
0.889904
0.898628
0.906442
0.89478
0.913232
0.917196
0.913989
0.899554
0.900581
0.907985
0.895487
0.907888
0.901143
0.902932
0.908664
0.89504
0.90079
0.915543
0.909325
0.905656
0.90679
0.909
0.909282
0.917675
0.898253
0.898046
0.912775
0.912358
0.909778
0.908311
0.907943
0.903621
0.904027
0.901095
0.902532
0.915967
0.895863
0.905072
0.900367
0.894863
0.924404
0.920386
0.89893
0.907403
0.892794
0.906051
0.897121
0.885531
0.904417
0.905982
0.906376
0.904338
0.906699
0.897056
0.919724
0.905925
0.914235
0.900068
0.906579
0.910574
0.899974
0.893595
0.905303
0.895977
0.902847
0.906165
0.911025
0.908885
0.923465
0.908403
0.911223
0.906108
0.897821
0.906929
0.919382
0.911299
0.890579
0.91097
0.889615
0.908026
0.914143
0.922367
0.911732
0.911065
0.903558
0.907751
0.915691
0.885358
0.902061
0.908539
0.900799
0.912629
0.92137
0.901115
0.909756
0.913202
0.89893
0.903161
0.895144
0.89897
0.89755
0.912441
0.910168
0.89877
0.902868
0.903875
0.916203
0.918219
0.921925
0.901873
0.903639
0.900956
0.905439
0.90961
0.89673
0.904106
0.912708
0.901756
0.90073
0.91729
0.900972
0.914374
0.912115
0.905795
0.913512
0.893871
0.9235
0.904715
0.910039
0.896125
0.888567
0.910712
0.905866
0.90621
0.901541
0.922277
0.904193
0.906582
0.903569
0.901499
0.918245
0.905372
0.894839
0.889564
0.916995
0.896997
0.912732
0.907144
0.905652
0.917156
0.905402
0.905526
0.903131
0.910603
0.90783
0.91923
0.901251
0.91798
0.91833
0.901176
0.908364
0.900846
0.910669
0.921304
0.904489
0.907601
0.903718
0.908798
0.905871
0.902384
0.89829
0.902373
0.905093
0.894586
0.906511
0.893394
0.916592
0.902729
0.901854
0.91474
0.910102
0.903651
0.898797
0.899366
0.906431
0.907408
0.900915
0.899034
0.908026
0.893846
0.896469
0.902582
0.889747
0.89722
0.911182
0.889165
0.897314
0.899992
0.890878
0.890428
0.897948
0.914822
0.900001
0.898706
0.886278
0.905949
0.908162
0.924319
0.900809
