0.102858
0.105977
0.100563
0.105654
0.102117
0.107203
0.108411
0.102327
0.101873
0.102299
0.101498
0.101631
0.101312
0.101819
0.101508
0.101876
0.102473
0.101568
0.102434
0.103286
0.10318
0.102564
0.102092
0.101969
0.101602
0.102164
0.10496
0.107856
0.110556
0.108352
0.109105
0.107047
0.108531
0.106646
0.107566
0.109085
0.107771
0.104931
0.105823
0.104946
0.104351
0.103735
0.105905
0.101465
0.102213
0.105434
0.10458
0.103652
0.103796
0.103284
0.102531
0.103441
0.110371
0.104262
0.104314
0.103242
0.102833
0.104162
0.102853
0.107324
0.108168
0.102318
0.104437
0.110088
0.108132
0.110373
0.106301
0.109565
0.106082
0.107536
0.105918
0.105681
0.104743
0.10649
0.109521
0.110425
0.108409
0.108248
0.105192
0.107032
0.108893
0.106968
0.106314
0.106069
0.106591
0.104674
0.102277
0.100264
0.100665
0.102315
0.102697
0.10345
0.104043
0.104217
0.101811
0.102844
0.102985
0.105859
0.104935
0.105378
0.104934
0.103588
0.105441
0.104995
0.104051
0.109344
0.109952
0.108878
0.108533
0.110146
0.108232
0.105295
0.105559
0.112025
0.109954
0.108585
0.107872
0.111304
0.110718
0.10732
0.110736
0.110128
0.108257
0.104919
0.106615
0.104419
0.103248
0.104564
0.10465
0.104017
0.105967
0.103633
0.103634
0.1029
0.105814
0.105556
0.10231
0.102479
0.101178
0.101499
0.101083
0.101116
0.10102
0.101979
0.106855
0.109864
0.108592
0.110589
0.109138
0.106012
0.10537
0.108075
0.108249
0.107163
0.104038
0.103264
0.103732
0.10628
0.105648
0.104147
0.101817
0.102124
0.102842
0.104169
0.103705
0.104016
0.107342
0.108457
0.107185
0.105799
0.109447
0.108156
0.109621
0.108303
0.109077
0.109457
0.112034
0.10895
0.118243
0.123639
0.119386
0.116429
0.119217
0.117162
0.122628
0.115955
0.116162
0.115055
0.110145
0.108723
0.106322
0.107324
0.105483
0.103254
0.103268
0.0997192
0.100736
0.102064
0.102242
0.101402
0.10297
0.10582
0.104009
0.100698
0.099963
0.101246
0.108847
