6.54e-03
6.47e-03
6.53e-03
6.52e-03
6.51e-03
6.48e-03
6.47e-03
6.49e-03
6.53e-03
6.53e-03
6.50e-03
6.51e-03
6.52e-03
6.51e-03
6.48e-03
6.51e-03
6.56e-03
6.52e-03
6.53e-03
6.57e-03
6.49e-03
6.49e-03
6.53e-03
6.56e-03
6.49e-03
6.48e-03
6.50e-03
6.50e-03
6.53e-03
6.48e-03
6.50e-03
6.51e-03
6.48e-03
6.49e-03
6.52e-03
6.55e-03
6.51e-03
6.47e-03
6.49e-03
6.52e-03
6.52e-03
6.51e-03
6.51e-03
6.54e-03
6.52e-03
6.46e-03
6.48e-03
6.52e-03
6.45e-03
6.46e-03
6.46e-03
6.55e-03
6.49e-03
6.47e-03
6.49e-03
6.51e-03
6.48e-03
6.55e-03
6.55e-03
6.52e-03
6.51e-03
6.49e-03
6.48e-03
6.51e-03
6.50e-03
6.51e-03
6.50e-03
6.50e-03
6.46e-03
6.50e-03
6.51e-03
6.54e-03
6.48e-03
6.49e-03
6.53e-03
6.52e-03
6.52e-03
6.48e-03
6.53e-03
6.56e-03
6.50e-03
6.45e-03
6.50e-03
6.51e-03
6.57e-03
6.52e-03
6.47e-03
6.51e-03
6.46e-03
6.50e-03
6.46e-03
6.48e-03
6.49e-03
6.47e-03
6.49e-03
6.45e-03
6.46e-03
6.50e-03
6.52e-03
6.55e-03
6.55e-03
6.58e-03
6.48e-03
6.44e-03
6.47e-03
6.53e-03
6.53e-03
6.56e-03
6.54e-03
6.51e-03
6.53e-03
6.54e-03
6.54e-03
6.53e-03
6.58e-03
6.52e-03
6.49e-03
6.51e-03
6.51e-03
6.47e-03
6.46e-03
6.49e-03
6.48e-03
6.51e-03
6.53e-03
6.56e-03
6.48e-03
6.48e-03
6.51e-03
6.50e-03
6.51e-03
6.55e-03
6.57e-03
6.54e-03
6.47e-03
6.58e-03
6.51e-03
6.47e-03
6.54e-03
6.55e-03
6.55e-03
6.51e-03
6.45e-03
6.51e-03
6.49e-03
6.48e-03
6.46e-03
6.52e-03
6.52e-03
6.54e-03
6.45e-03
6.46e-03
6.48e-03
6.54e-03
6.46e-03
6.48e-03
6.51e-03
6.52e-03
6.49e-03
6.50e-03
6.52e-03
6.55e-03
6.60e-03
6.50e-03
6.53e-03
6.49e-03
6.49e-03
6.50e-03
6.56e-03
6.50e-03
6.51e-03
6.46e-03
6.54e-03
6.49e-03
6.52e-03
6.51e-03
6.47e-03
6.49e-03
6.50e-03
6.58e-03
6.52e-03
6.48e-03
6.49e-03
6.45e-03
6.50e-03
6.50e-03
6.59e-03
6.56e-03
6.53e-03
6.48e-03
6.54e-03
6.50e-03
6.57e-03
6.46e-03
6.51e-03
6.62e-03
6.58e-03
6.48e-03
6.51e-03
6.55e-03
6.55e-03
6.56e-03
6.58e-03
6.46e-03
6.51e-03
6.51e-03
6.52e-03
6.56e-03
6.54e-03
6.56e-03
6.52e-03
6.47e-03
6.50e-03
6.51e-03
6.50e-03
6.46e-03
6.51e-03
6.50e-03
6.58e-03
6.52e-03
6.52e-03
6.49e-03
6.54e-03
6.51e-03
6.47e-03
6.48e-03
6.51e-03
6.51e-03
6.55e-03
6.49e-03
6.49e-03
6.49e-03
6.51e-03
6.51e-03
6.48e-03
6.50e-03
6.48e-03
6.53e-03
6.49e-03
6.44e-03
6.52e-03
6.51e-03
6.56e-03
6.53e-03
6.56e-03
6.56e-03
6.52e-03
6.53e-03
6.51e-03
