8.47e-03
8.53e-03
8.60e-03
8.63e-03
8.53e-03
8.52e-03
8.53e-03
8.52e-03
8.54e-03
8.54e-03
8.53e-03
8.58e-03
8.74e-03
8.67e-03
8.63e-03
8.60e-03
8.52e-03
8.54e-03
8.52e-03
8.50e-03
8.46e-03
8.46e-03
8.56e-03
8.53e-03
8.58e-03
8.54e-03
8.52e-03
8.52e-03
8.48e-03
8.49e-03
8.61e-03
8.57e-03
8.58e-03
8.53e-03
8.55e-03
8.51e-03
8.55e-03
8.55e-03
8.72e-03
8.71e-03
8.92e-03
9.63e-03
9.73e-03
9.36e-03
1.02e-02
9.75e-03
9.46e-03
9.57e-03
9.50e-03
9.49e-03
9.50e-03
9.56e-03
9.48e-03
9.44e-03
9.48e-03
9.51e-03
9.36e-03
9.64e-03
9.59e-03
9.55e-03
9.49e-03
9.46e-03
9.44e-03
9.52e-03
9.69e-03
9.46e-03
9.40e-03
9.47e-03
9.37e-03
9.50e-03
1.03e-02
9.59e-03
9.67e-03
9.66e-03
9.83e-03
9.65e-03
9.61e-03
9.49e-03
9.46e-03
9.48e-03
9.60e-03
9.50e-03
9.43e-03
9.45e-03
9.46e-03
9.47e-03
9.41e-03
9.55e-03
9.54e-03
9.63e-03
9.36e-03
9.44e-03
9.58e-03
9.48e-03
9.46e-03
9.55e-03
1.03e-02
9.54e-03
9.63e-03
9.51e-03
9.53e-03
9.49e-03
1.05e-02
9.56e-03
9.49e-03
9.53e-03
9.50e-03
9.52e-03
9.54e-03
9.41e-03
9.54e-03
9.51e-03
9.50e-03
9.47e-03
9.56e-03
1.00e-02
9.57e-03
9.53e-03
9.33e-03
9.52e-03
9.58e-03
9.95e-03
9.47e-03
9.52e-03
9.43e-03
9.49e-03
9.45e-03
9.42e-03
9.44e-03
9.50e-03
9.40e-03
9.51e-03
9.39e-03
9.67e-03
9.44e-03
9.47e-03
9.47e-03
9.42e-03
9.40e-03
9.43e-03
9.52e-03
9.63e-03
9.48e-03
9.45e-03
9.51e-03
9.44e-03
9.58e-03
9.53e-03
9.44e-03
9.46e-03
9.42e-03
9.49e-03
9.60e-03
9.50e-03
9.47e-03
9.56e-03
9.49e-03
9.63e-03
9.81e-03
9.49e-03
9.63e-03
9.48e-03
9.39e-03
9.09e-03
8.95e-03
8.61e-03
8.70e-03
8.70e-03
8.55e-03
8.53e-03
8.58e-03
8.64e-03
8.64e-03
8.64e-03
8.67e-03
8.64e-03
8.67e-03
8.57e-03
8.77e-03
8.67e-03
8.59e-03
8.53e-03
8.51e-03
8.52e-03
8.51e-03
8.58e-03
8.50e-03
8.59e-03
8.51e-03
8.54e-03
8.50e-03
8.48e-03
8.54e-03
8.53e-03
8.67e-03
8.56e-03
8.61e-03
8.50e-03
8.50e-03
8.85e-03
8.91e-03
8.79e-03
8.51e-03
8.55e-03
8.58e-03
8.70e-03
8.56e-03
8.47e-03
8.58e-03
8.73e-03
8.57e-03
8.69e-03
8.60e-03
8.56e-03
8.55e-03
8.55e-03
8.50e-03
8.52e-03
8.46e-03
8.45e-03
8.51e-03
8.49e-03
8.47e-03
8.54e-03
8.56e-03
8.69e-03
8.71e-03
8.71e-03
8.78e-03
8.62e-03
8.74e-03
8.63e-03
8.55e-03
8.50e-03
8.56e-03
8.55e-03
8.49e-03
8.52e-03
8.56e-03
8.50e-03
8.48e-03
8.50e-03
8.50e-03
8.47e-03
8.50e-03
8.55e-03
8.59e-03
8.61e-03
8.54e-03
